{
"AN": {
"N": "bf gf sit up intro(1)",
"SN": "BF Get Up",
"TL": {
"L": [
{
"LN": "Layer_15",
"FR": [
{
"N": "static",
"I": 0,
"DU": 1,
"E": []
},
{
"N": "getup",
"I": 1,
"DU": 128,
"E": []
}
]
},
{
"LN": "Layer_1",
"FR": [
{
"I": 0,
"DU": 10,
"E": [
{
"SI": {
"SN": "bf/bf foot up",
"IN": "",
"ST": "G",
"FF": 0,
"LP": "LP",
"TRP": {
"x": 65.60000000000001,
"y": 104.4
},
"M3D": [
1.0,
0.0,
0.0,
0.0,
0.0,
1.0,
0.0,
0.0,
0.0,
0.0,
1.0,
0.0,
195.6,
455.8,
0.0,
1.0
]
}
}
]
},
{
"I": 10,
"DU": 5,
"E": [
{
"SI": {
"SN": "bf/bf foot up",
"IN": "",
"ST": "G",
"FF": 3,
"LP": "LP",
"TRP": {
"x": 65.60000000000001,
"y": 104.4
},
"M3D": [
1.0,
0.0,
0.0,
0.0,
0.00091552734375,
0.99847412109375,
0.0,
0.0,
0.0,
0.0,
1.0,
0.0,
195.15,
456.1,
0.0,
1.0
]
}
}
]
},
{
"I": 15,
"DU": 4,
"E": [
{
"SI": {
"SN": "bf/bf foot up",
"IN": "",
"ST": "G",
"FF": 0,
"LP": "LP",
"TRP": {
"x": 65.60000000000001,
"y": 104.4
},
"M3D": [
1.0,
0.0,
0.0,
0.0,
0.0330352783203125,
0.985626220703125,
0.0,
0.0,
0.0,
0.0,
1.0,
0.0,
188.7,
458.8,
0.0,
1.0
]
}
}
]
},
{
"I": 19,
"DU": 4,
"E": [
{
"SI": {
"SN": "bf/bf foot up",
"IN": "",
"ST": "G",
"FF": 0,
"LP": "LP",
"TRP": {
"x": 65.60000000000001,
"y": 104.4
},
"M3D": [
1.0,
0.0,
0.0,
0.0,
0.0,
1.0,
0.0,
0.0,
0.0,
0.0,
1.0,
0.0,
195.6,
455.8,
0.0,
1.0
]
}
}
]
},
{
"I": 23,
"DU": 4,
"E": [
{
"SI": {
"SN": "bf/bf foot up",
"IN": "",
"ST": "G",
"FF": 3,
"LP": "LP",
"TRP": {
"x": 65.60000000000001,
"y": 104.4
},
"M3D": [
1.0,
0.0,
0.0,
0.0,
0.00091552734375,
0.99847412109375,
0.0,
0.0,
0.0,
0.0,
1.0,
0.0,
196.15,
456.1,
0.0,
1.0
]
}
}
]
},
{
"I": 27,
"DU": 3,
"E": [
{
"SI": {
"SN": "bf/bf foot up",
"IN": "",
"ST": "G",
"FF": 0,
"LP": "LP",
"TRP": {
"x": 65.60000000000001,
"y": 104.35000000000001
},
"M3D": [
0.999237060546875,
0.035797119140625,
0.0,
0.0,
-0.0022735595703125,
0.9860687255859375,
0.0,
0.0,
0.0,
0.0,
1.0,
0.0,
200.45,
456.45,
0.0,
1.0
]
}
}
]
},
{
"I": 30,
"DU": 3,
"E": [
{
"SI": {
"SN": "bf/bf foot up",
"IN": "",
"ST": "G",
"FF": 0,
"LP": "LP",
"TRP": {
"x": 65.55,
"y": 104.4
},
"M3D": [
1.0,
0.0,
0.0,
0.0,
-0.1036376953125,
0.9473876953125,
0.0,
0.0,
0.0,
0.0,
1.0,
0.0,
220.6,
466.8,
0.0,
1.0
]
}
}
]
},
{
"I": 33,
"DU": 96,
"E": []
}
]
},
{
"LN": "Layer_2",
"FR": [
{
"I": 0,
"DU": 10,
"E": [
{
"SI": {
"SN": "bf/bf legout",
"IN": "",
"ST": "G",
"FF": 0,
"LP": "LP",
"TRP": {
"x": 107.5,
"y": 103.0
},
"M3D": [
1.0,
0.0,
0.0,
0.0,
0.0,
1.0,
0.0,
0.0,
0.0,
0.0,
1.0,
0.0,
-4.65,
443.85,
0.0,
1.0
]
}
}
]
},
{
"I": 10,
"DU": 5,
"E": [
{
"SI": {
"SN": "bf/bf legout",
"IN": "",
"ST": "G",
"FF": 3,
"LP": "LP",
"TRP": {
"x": 107.5,
"y": 103.0
},
"M3D": [
0.99993896484375,
-0.0003814697265625,
0.0,
0.0,
0.0093231201171875,
1.0001068115234376,
0.0,
0.0,
0.0,
0.0,
1.0,
0.0,
-6.8,
443.75,
0.0,
1.0
]
}
}
]
},
{
"I": 15,
"DU": 4,
"E": [
{
"SI": {
"SN": "bf/bf legout",
"IN": "",
"ST": "G",
"FF": 0,
"LP": "LP",
"TRP": {
"x": 107.5,
"y": 103.0
},
"M3D": [
0.999847412109375,
-0.0046539306640625,
0.0,
0.0,
0.0339813232421875,
1.0,
0.0,
0.0,
0.0,
0.0,
1.0,
0.0,
-11.65,
443.85,
0.0,
1.0
]
}
}
]
},
{
"I": 19,
"DU": 4,
"E": [
{
"SI": {
"SN": "bf/bf legout",
"IN": "",
"ST": "G",
"FF": 0,
"LP": "LP",
"TRP": {
"x": 107.5,
"y": 103.0
},
"M3D": [
1.0,
0.0,
0.0,
0.0,
0.0,
1.0,
0.0,
0.0,
0.0,
0.0,
1.0,
0.0,
-4.65,
443.85,
0.0,
1.0
]
}
}
]
},
{
"I": 23,
"DU": 4,
"E": [
{
"SI": {
"SN": "bf/bf legout",
"IN": "",
"ST": "G",
"FF": 3,
"LP": "LP",
"TRP": {
"x": 107.55,
"y": 103.0
},
"M3D": [
0.999725341796875,
-0.017913818359375,
0.0,
0.0,
0.0416107177734375,
0.99945068359375,
0.0,
0.0,
0.0,
0.0,
1.0,
0.0,
-9.8,
444.8,
0.0,
1.0
]
}
}
]
},
{
"I": 27,
"DU": 3,
"E": [
{
"SI": {
"SN": "bf/bf legout",
"IN": "",
"ST": "G",
"FF": 0,
"LP": "LP",
"TRP": {
"x": 107.5,
"y": 103.0
},
"M3D": [
0.998016357421875,
-0.0577392578125,
0.0,
0.0,
0.0870208740234375,
0.996612548828125,
0.0,
0.0,
0.0,
0.0,
1.0,
0.0,
-14.9,
449.9,
0.0,
1.0
]
}
}
]
},
{
"I": 30,
"DU": 3,
"E": [
{
"SI": {
"SN": "bf/bf leg out2",
"IN": "",
"ST": "G",
"FF": 0,
"LP": "LP",
"TRP": {
"x": 118.75,
"y": 93.10000000000001
},
"M3D": [
1.0,
0.0,
0.0,
0.0,
0.0,
1.0,
0.0,
0.0,
0.0,
0.0,
1.0,
0.0,
-30.5,
456.3,
0.0,
1.0
]
}
}
]
},
{
"I": 33,
"DU": 96,
"E": []
}
]
},
{
"LN": "Layer_3",
"FR": [
{
"I": 0,
"DU": 10,
"E": [
{
"SI": {
"SN": "bf/bg handflat",
"IN": "",
"ST": "G",
"FF": 0,
"LP": "LP",
"TRP": {
"x": 81.35000000000001,
"y": 42.0
},
"M3D": [
1.0,
0.0,
0.0,
0.0,
0.0,
1.0,
0.0,
0.0,
0.0,
0.0,
1.0,
0.0,
334.1,
567.8,
0.0,
1.0
]
}
}
]
},
{
"I": 10,
"DU": 5,
"E": [
{
"SI": {
"SN": "bf/bg handflat",
"IN": "",
"ST": "G",
"FF": 3,
"LP": "LP",
"TRP": {
"x": 81.4,
"y": 42.050000000000007
},
"M3D": [
1.0,
0.0,
0.0,
0.0,
0.0087738037109375,
1.000091552734375,
0.0,
0.0,
0.0,
0.0,
1.0,
0.0,
333.35,
567.75,
0.0,
1.0
]
}
}
]
},
{
"I": 15,
"DU": 4,
"E": [
{
"SI": {
"SN": "bf/bg handflat",
"IN": "",
"ST": "G",
"FF": 0,
"LP": "LP",
"TRP": {
"x": 81.35000000000001,
"y": 42.0
},
"M3D": [
1.0,
0.0,
0.0,
0.0,
0.0356903076171875,
1.0,
0.0,
0.0,
0.0,
0.0,
1.0,
0.0,
331.1,
567.8,
0.0,
1.0
]
}
}
]
},
{
"I": 19,
"DU": 4,
"E": [
{
"SI": {
"SN": "bf/bg handflat",
"IN": "",
"ST": "G",
"FF": 0,
"LP": "LP",
"TRP": {
"x": 81.35000000000001,
"y": 42.0
},
"M3D": [
1.0,
0.0,
0.0,
0.0,
0.0,
1.0,
0.0,
0.0,
0.0,
0.0,
1.0,
0.0,
334.1,
567.8,
0.0,
1.0
]
}
}
]
},
{
"I": 23,
"DU": 4,
"E": [
{
"SI": {
"SN": "bf/bg handflat",
"IN": "",
"ST": "G",
"FF": 3,
"LP": "LP",
"TRP": {
"x": 81.4,
"y": 42.050000000000007
},
"M3D": [
1.0,
0.0,
0.0,
0.0,
0.0087738037109375,
1.000091552734375,
0.0,
0.0,
0.0,
0.0,
1.0,
0.0,
333.35,
567.75,
0.0,
1.0
]
}
}
]
},
{
"I": 27,
"DU": 3,
"E": [
{
"SI": {
"SN": "bf/bg handflat",
"IN": "",
"ST": "G",
"FF": 0,
"LP": "LP",
"TRP": {
"x": 81.35000000000001,
"y": 42.0
},
"M3D": [
1.0,
0.0,
0.0,
0.0,
0.0356903076171875,
1.0,
0.0,
0.0,
0.0,
0.0,
1.0,
0.0,
331.1,
567.8,
0.0,
1.0
]
}
}
]
},
{
"I": 30,
"DU": 3,
"E": [
{
"SI": {
"SN": "bf/bg handflat",
"IN": "",
"ST": "G",
"FF": 0,
"LP": "LP",
"TRP": {
"x": 81.30000000000001,
"y": 42.0
},
"M3D": [
0.96221923828125,
0.0,
0.0,
0.0,
0.142181396484375,
1.0,
0.0,
0.0,
0.0,
0.0,
1.0,
0.0,
322.15,
567.8,
0.0,
1.0
]
}
}
]
},
{
"I": 33,
"DU": 96,
"E": []
}
]
},
{
"LN": "Layer_4",
"FR": [
{
"I": 0,
"DU": 10,
"E": [
{
"SI": {
"SN": "bf/bf armstub",
"IN": "",
"ST": "G",
"FF": 0,
"LP": "LP",
"TRP": {
"x": 53.1,
"y": 43.1
},
"M3D": [
1.0,
0.0,
0.0,
0.0,
0.0,
1.0,
0.0,
0.0,
0.0,
0.0,
1.0,
0.0,
320.1,
520.1,
0.0,
1.0
]
}
}
]
},
{
"I": 10,
"DU": 5,
"E": [
{
"SI": {
"SN": "bf/bf armstub",
"IN": "",
"ST": "G",
"FF": 3,
"LP": "LP",
"TRP": {
"x": 53.1,
"y": 43.15
},
"M3D": [
0.99981689453125,
0.013397216796875,
0.0,
0.0,
-0.013397216796875,
0.99981689453125,
0.0,
0.0,
0.0,
0.0,
1.0,
0.0,
320.5,
519.35,
0.0,
1.0
]
}
}
]
},
{
"I": 15,
"DU": 4,
"E": [
{
"SI": {
"SN": "bf/bf armstub",
"IN": "",
"ST": "G",
"FF": 0,
"LP": "LP",
"TRP": {
"x": 53.1,
"y": 43.1
},
"M3D": [
0.9981536865234375,
0.0573577880859375,
0.0,
0.0,
-0.0573577880859375,
0.9981536865234375,
0.0,
0.0,
0.0,
0.0,
1.0,
0.0,
321.65,
517.15,
0.0,
1.0
]
}
}
]
},
{
"I": 19,
"DU": 4,
"E": [
{
"SI": {
"SN": "bf/bf armstub",
"IN": "",
"ST": "G",
"FF": 0,
"LP": "LP",
"TRP": {
"x": 53.1,
"y": 43.1
},
"M3D": [
1.0,
0.0,
0.0,
0.0,
0.0,
1.0,
0.0,
0.0,
0.0,
0.0,
1.0,
0.0,
320.1,
520.1,
0.0,
1.0
]
}
}
]
},
{
"I": 23,
"DU": 4,
"E": [
{
"SI": {
"SN": "bf/bf armstub",
"IN": "",
"ST": "G",
"FF": 3,
"LP": "LP",
"TRP": {
"x": 53.1,
"y": 43.15
},
"M3D": [
0.99981689453125,
0.013397216796875,
0.0,
0.0,
-0.013397216796875,
0.99981689453125,
0.0,
0.0,
0.0,
0.0,
1.0,
0.0,
320.5,
519.35,
0.0,
1.0
]
}
}
]
},
{
"I": 27,
"DU": 3,
"E": [
{
"SI": {
"SN": "bf/bf armstub",
"IN": "",
"ST": "G",
"FF": 0,
"LP": "LP",
"TRP": {
"x": 53.1,
"y": 43.1
},
"M3D": [
0.9981536865234375,
0.0573577880859375,
0.0,
0.0,
-0.0573577880859375,
0.9981536865234375,
0.0,
0.0,
0.0,
0.0,
1.0,
0.0,
321.65,
517.15,
0.0,
1.0
]
}
}
]
},
{
"I": 30,
"DU": 3,
"E": [
{
"SI": {
"SN": "bf/bf armstub",
"IN": "",
"ST": "G",
"FF": 0,
"LP": "LP",
"TRP": {
"x": 53.15,
"y": 43.1
},
"M3D": [
0.9681396484375,
0.2470550537109375,
0.0,
0.0,
-0.2470550537109375,
0.9681396484375,
0.0,
0.0,
0.0,
0.0,
1.0,
0.0,
323.4,
497.15,
0.0,
1.0
]
}
}
]
},
{
"I": 33,
"DU": 22,
"E": []
},
{
"I": 55,
"DU": 1,
"E": [
{
"SI": {
"SN": "bf/bf hand head",
"IN": "",
"ST": "G",
"FF": 0,
"LP": "SF",
"TRP": {
"x": 40.800000000000007,
"y": 39.7
},
"M3D": [
0.958404541015625,
-0.008148193359375,
0.0,
0.0,
0.0088348388671875,
1.04046630859375,
0.0,
0.0,
0.0,
0.0,
1.0,
0.0,
96.3,
252.2,
0.0,
1.0
]
}
}
]
},
{
"I": 56,
"DU": 1,
"E": [
{
"SI": {
"SN": "bf/bf hand head",
"IN": "",
"ST": "G",
"FF": 0,
"LP": "SF",
"TRP": {
"x": 40.8,
"y": 39.7
},
"M3D": [
0.958404541015625,
-0.008148193359375,
0.0,
0.0,
0.0088348388671875,
1.04046630859375,
0.0,
0.0,
0.0,
0.0,
1.0,
0.0,
96.3,
252.2,
0.0,
1.0
]
}
}
]
},
{
"I": 57,
"DU": 1,
"E": [
{
"SI": {
"SN": "bf/bf hand head",
"IN": "",
"ST": "G",
"FF": 0,
"LP": "SF",
"TRP": {
"x": 40.8,
"y": 39.7
},
"M3D": [
0.958404541015625,
-0.008148193359375,
0.0,
0.0,
0.0088348388671875,
1.04046630859375,
0.0,
0.0,
0.0,
0.0,
1.0,
0.0,
96.3,
252.2,
0.0,
1.0
]
}
}
]
},
{
"I": 58,
"DU": 1,
"E": [
{
"SI": {
"SN": "bf/bf hand head",
"IN": "",
"ST": "G",
"FF": 0,
"LP": "SF",
"TRP": {
"x": 40.85,
"y": 39.800000000000007
},
"M3D": [
0.999267578125,
-0.0168304443359375,
0.0,
0.0,
0.0168304443359375,
0.999267578125,
0.0,
0.0,
0.0,
0.0,
1.0,
0.0,
94.0,
245.9,
0.0,
1.0
]
}
}
]
},
{
"I": 59,
"DU": 1,
"E": [
{
"SI": {
"SN": "bf/bf hand head",
"IN": "",
"ST": "G",
"FF": 0,
"LP": "SF",
"TRP": {
"x": 40.85,
"y": 39.8
},
"M3D": [
0.999267578125,
-0.0168304443359375,
0.0,
0.0,
0.0168304443359375,
0.999267578125,
0.0,
0.0,
0.0,
0.0,
1.0,
0.0,
94.0,
245.9,
0.0,
1.0
]
}
}
]
},
{
"I": 60,
"DU": 1,
"E": [
{
"SI": {
"SN": "bf/bf hand head",
"IN": "",
"ST": "G",
"FF": 0,
"LP": "SF",
"TRP": {
"x": 40.85,
"y": 39.8
},
"M3D": [
0.999267578125,
-0.0168304443359375,
0.0,
0.0,
0.0168304443359375,
0.999267578125,
0.0,
0.0,
0.0,
0.0,
1.0,
0.0,
94.0,
245.9,
0.0,
1.0
]
}
}
]
},
{
"I": 61,
"DU": 1,
"E": [
{
"SI": {
"SN": "bf/bf hand head",
"IN": "",
"ST": "G",
"FF": 0,
"LP": "SF",
"TRP": {
"x": 40.800000000000007,
"y": 39.75
},
"M3D": [
0.998565673828125,
0.050140380859375,
0.0,
0.0,
-0.050140380859375,
0.998565673828125,
0.0,
0.0,
0.0,
0.0,
1.0,
0.0,
98.25,
241.8,
0.0,
1.0
]
}
}
]
},
{
"I": 62,
"DU": 1,
"E": [
{
"SI": {
"SN": "bf/bf hand head",
"IN": "",
"ST": "G",
"FF": 0,
"LP": "SF",
"TRP": {
"x": 40.8,
"y": 39.75
},
"M3D": [
0.998565673828125,
0.050140380859375,
0.0,
0.0,
-0.050140380859375,
0.998565673828125,
0.0,
0.0,
0.0,
0.0,
1.0,
0.0,
98.25,
241.8,
0.0,
1.0
]
}
}
]
},
{
"I": 63,
"DU": 1,
"E": [
{
"SI": {
"SN": "bf/bf hand head",
"IN": "",
"ST": "G",
"FF": 0,
"LP": "SF",
"TRP": {
"x": 40.8,
"y": 39.75
},
"M3D": [
0.998565673828125,
0.050140380859375,
0.0,
0.0,
-0.050140380859375,
0.998565673828125,
0.0,
0.0,
0.0,
0.0,
1.0,
0.0,
98.25,
241.8,
0.0,
1.0
]
}
}
]
},
{
"I": 64,
"DU": 1,
"E": [
{
"SI": {
"SN": "bf/bf hand head",
"IN": "",
"ST": "G",
"FF": 0,
"LP": "SF",
"TRP": {
"x": 40.800000000000007,
"y": 39.75
},
"M3D": [
0.998565673828125,
0.050140380859375,
0.0,
0.0,
-0.050140380859375,
0.998565673828125,
0.0,
0.0,
0.0,
0.0,
1.0,
0.0,
98.75,
241.3,
0.0,
1.0
]
}
}
]
},
{
"I": 65,
"DU": 1,
"E": [
{
"SI": {
"SN": "bf/bf hand head",
"IN": "",
"ST": "G",
"FF": 0,
"LP": "SF",
"TRP": {
"x": 40.8,
"y": 39.75
},
"M3D": [
0.998565673828125,
0.050140380859375,
0.0,
0.0,
-0.050140380859375,
0.998565673828125,
0.0,
0.0,
0.0,
0.0,
1.0,
0.0,
98.75,
241.3,
0.0,
1.0
]
}
}
]
},
{
"I": 66,
"DU": 1,
"E": [
{
"SI": {
"SN": "bf/bf hand head",
"IN": "",
"ST": "G",
"FF": 0,
"LP": "SF",
"TRP": {
"x": 40.8,
"y": 39.75
},
"M3D": [
0.998565673828125,
0.050140380859375,
0.0,
0.0,
-0.050140380859375,
0.998565673828125,
0.0,
0.0,
0.0,
0.0,
1.0,
0.0,
98.75,
241.3,
0.0,
1.0
]
}
}
]
},
{
"I": 67,
"DU": 1,
"E": [
{
"SI": {
"SN": "bf/bf hand head",
"IN": "",
"ST": "G",
"FF": 1,
"LP": "SF",
"TRP": {
"x": 40.800000000000007,
"y": 39.800000000000007
},
"M3D": [
0.9977264404296875,
0.0638580322265625,
0.0,
0.0,
-0.0638580322265625,
0.9977264404296875,
0.0,
0.0,
0.0,
0.0,
1.0,
0.0,
97.35,
244.75,
0.0,
1.0
]
}
}
]
},
{
"I": 68,
"DU": 1,
"E": [
{
"SI": {
"SN": "bf/bf hand head",
"IN": "",
"ST": "G",
"FF": 1,
"LP": "SF",
"TRP": {
"x": 40.8,
"y": 39.8
},
"M3D": [
0.9977264404296875,
0.0638580322265625,
0.0,
0.0,
-0.0638580322265625,
0.9977264404296875,
0.0,
0.0,
0.0,
0.0,
1.0,
0.0,
97.35,
244.75,
0.0,
1.0
]
}
}
]
},
{
"I": 69,
"DU": 1,
"E": [
{
"SI": {
"SN": "bf/bf hand head",
"IN": "",
"ST": "G",
"FF": 1,
"LP": "SF",
"TRP": {
"x": 40.8,
"y": 39.8
},
"M3D": [
0.9977264404296875,
0.0638580322265625,
0.0,
0.0,
-0.0638580322265625,
0.9977264404296875,
0.0,
0.0,
0.0,
0.0,
1.0,
0.0,
97.35,
244.75,
0.0,
1.0
]
}
}
]
},
{
"I": 70,
"DU": 1,
"E": [
{
"SI": {
"SN": "bf/bf hand head",
"IN": "",
"ST": "G",
"FF": 2,
"LP": "SF",
"TRP": {
"x": 40.85,
"y": 39.7
},
"M3D": [
0.9711761474609375,
-0.233489990234375,
0.0,
0.0,
0.233489990234375,
0.9711761474609375,
0.0,
0.0,
0.0,
0.0,
1.0,
0.0,
75.15,
277.25,
0.0,
1.0
]
}
}
]
},
{
"I": 71,
"DU": 1,
"E": [
{
"SI": {
"SN": "bf/bf hand head",
"IN": "",
"ST": "G",
"FF": 2,
"LP": "SF",
"TRP": {
"x": 40.85,
"y": 39.7
},
"M3D": [
0.9711761474609375,
-0.233489990234375,
0.0,
0.0,
0.233489990234375,
0.9711761474609375,
0.0,
0.0,
0.0,
0.0,
1.0,
0.0,
75.15,
277.25,
0.0,
1.0
]
}
}
]
},
{
"I": 72,
"DU": 1,
"E": [
{
"SI": {
"SN": "bf/bf hand head",
"IN": "",
"ST": "G",
"FF": 2,
"LP": "SF",
"TRP": {
"x": 40.85,
"y": 39.75
},
"M3D": [
0.9624481201171875,
-0.26763916015625,
0.0,
0.0,
0.26763916015625,
0.9624481201171875,
0.0,
0.0,
0.0,
0.0,
1.0,
0.0,
71.15,
286.45,
0.0,
1.0
]
}
}
]
},
{
"I": 73,
"DU": 1,
"E": [
{
"SI": {
"SN": "bf/bf hand head",
"IN": "",
"ST": "G",
"FF": 2,
"LP": "SF",
"TRP": {
"x": 40.85,
"y": 39.75
},
"M3D": [
0.9624481201171875,
-0.26763916015625,
0.0,
0.0,
0.26763916015625,
0.9624481201171875,
0.0,
0.0,
0.0,
0.0,
1.0,
0.0,
71.15,
286.45,
0.0,
1.0
]
}
}
]
},
{
"I": 74,
"DU": 1,
"E": [
{
"SI": {
"SN": "bf/bf hand head",
"IN": "",
"ST": "G",
"FF": 2,
"LP": "SF",
"TRP": {
"x": 40.85,
"y": 39.7
},
"M3D": [
0.958740234375,
-0.2803802490234375,
0.0,
0.0,
0.2803802490234375,
0.958740234375,
0.0,
0.0,
0.0,
0.0,
1.0,
0.0,
70.8,
288.15,
0.0,
1.0
]
}
}
]
},
{
"I": 75,
"DU": 1,
"E": [
{
"SI": {
"SN": "bf/bf hand head",
"IN": "",
"ST": "G",
"FF": 2,
"LP": "SF",
"TRP": {
"x": 40.85,
"y": 39.7
},
"M3D": [
0.958740234375,
-0.2803802490234375,
0.0,
0.0,
0.2803802490234375,
0.958740234375,
0.0,
0.0,
0.0,
0.0,
1.0,
0.0,
70.8,
288.15,
0.0,
1.0
]
}
}
]
},
{
"I": 76,
"DU": 1,
"E": [
{
"SI": {
"SN": "bf/bf hand head",
"IN": "",
"ST": "G",
"FF": 2,
"LP": "SF",
"TRP": {
"x": 40.85,
"y": 39.7
},
"M3D": [
0.958740234375,
-0.2803802490234375,
0.0,
0.0,
0.2803802490234375,
0.958740234375,
0.0,
0.0,
0.0,
0.0,
1.0,
0.0,
70.8,
288.15,
0.0,
1.0
]
}
}
]
},
{
"I": 77,
"DU": 1,
"E": [
{
"SI": {
"SN": "bf/bf hand head",
"IN": "",
"ST": "G",
"FF": 1,
"LP": "SF",
"TRP": {
"x": 40.85,
"y": 39.7
},
"M3D": [
0.958740234375,
-0.2803802490234375,
0.0,
0.0,
0.2803802490234375,
0.958740234375,
0.0,
0.0,
0.0,
0.0,
1.0,
0.0,
71.8,
285.65,
0.0,
1.0
]
}
}
]
},
{
"I": 78,
"DU": 1,
"E": [
{
"SI": {
"SN": "bf/bf hand head",
"IN": "",
"ST": "G",
"FF": 1,
"LP": "SF",
"TRP": {
"x": 40.85,
"y": 39.7
},
"M3D": [
0.958740234375,
-0.2803802490234375,
0.0,
0.0,
0.2803802490234375,
0.958740234375,
0.0,
0.0,
0.0,
0.0,
1.0,
0.0,
71.8,
285.65,
0.0,
1.0
]
}
}
]
},
{
"I": 79,
"DU": 1,
"E": [
{
"SI": {
"SN": "bf/bf hand head",
"IN": "",
"ST": "G",
"FF": 1,
"LP": "SF",
"TRP": {
"x": 40.85,
"y": 39.7
},
"M3D": [
0.958740234375,
-0.2803802490234375,
0.0,
0.0,
0.2803802490234375,
0.958740234375,
0.0,
0.0,
0.0,
0.0,
1.0,
0.0,
71.8,
285.65,
0.0,
1.0
]
}
}
]
},
{
"I": 80,
"DU": 1,
"E": [
{
"SI": {
"SN": "bf/bf hand head",
"IN": "",
"ST": "G",
"FF": 1,
"LP": "SF",
"TRP": {
"x": 40.800000000000007,
"y": 39.75
},
"M3D": [
0.9993743896484375,
0.0320587158203125,
0.0,
0.0,
-0.0320587158203125,
0.9993743896484375,
0.0,
0.0,
0.0,
0.0,
1.0,
0.0,
95.0,
245.45,
0.0,
1.0
]
}
}
]
},
{
"I": 81,
"DU": 1,
"E": [
{
"SI": {
"SN": "bf/bf hand head",
"IN": "",
"ST": "G",
"FF": 1,
"LP": "SF",
"TRP": {
"x": 40.8,
"y": 39.75
},
"M3D": [
0.9993743896484375,
0.0320587158203125,
0.0,
0.0,
-0.0320587158203125,
0.9993743896484375,
0.0,
0.0,
0.0,
0.0,
1.0,
0.0,
95.0,
245.45,
0.0,
1.0
]
}
}
]
},
{
"I": 82,
"DU": 1,
"E": [
{
"SI": {
"SN": "bf/bf hand head",
"IN": "",
"ST": "G",
"FF": 0,
"LP": "SF",
"TRP": {
"x": 40.800000000000007,
"y": 39.75
},
"M3D": [
0.998565673828125,
0.050140380859375,
0.0,
0.0,
-0.050140380859375,
0.998565673828125,
0.0,
0.0,
0.0,
0.0,
1.0,
0.0,
98.25,
241.8,
0.0,
1.0
]
}
}
]
},
{
"I": 83,
"DU": 1,
"E": [
{
"SI": {
"SN": "bf/bf hand head",
"IN": "",
"ST": "G",
"FF": 0,
"LP": "SF",
"TRP": {
"x": 40.8,
"y": 39.75
},
"M3D": [
0.998565673828125,
0.050140380859375,
0.0,
0.0,
-0.050140380859375,
0.998565673828125,
0.0,
0.0,
0.0,
0.0,
1.0,
0.0,
98.25,
241.8,
0.0,
1.0
]
}
}
]
},
{
"I": 84,
"DU": 1,
"E": [
{
"SI": {
"SN": "bf/bf hand head",
"IN": "",
"ST": "G",
"FF": 0,
"LP": "SF",
"TRP": {
"x": 40.800000000000007,
"y": 39.75
},
"M3D": [
0.998565673828125,
0.050140380859375,
0.0,
0.0,
-0.050140380859375,
0.998565673828125,
0.0,
0.0,
0.0,
0.0,
1.0,
0.0,
98.75,
241.3,
0.0,
1.0
]
}
}
]
},
{
"I": 85,
"DU": 1,
"E": [
{
"SI": {
"SN": "bf/bf hand head",
"IN": "",
"ST": "G",
"FF": 0,
"LP": "SF",
"TRP": {
"x": 40.8,
"y": 39.75
},
"M3D": [
0.998565673828125,
0.050140380859375,
0.0,
0.0,
-0.050140380859375,
0.998565673828125,
0.0,
0.0,
0.0,
0.0,
1.0,
0.0,
98.75,
241.3,
0.0,
1.0
]
}
}
]
},
{
"I": 86,
"DU": 1,
"E": [
{
"SI": {
"SN": "bf/bf hand head",
"IN": "",
"ST": "G",
"FF": 0,
"LP": "SF",
"TRP": {
"x": 40.8,
"y": 39.75
},
"M3D": [
0.998565673828125,
0.050140380859375,
0.0,
0.0,
-0.050140380859375,
0.998565673828125,
0.0,
0.0,
0.0,
0.0,
1.0,
0.0,
98.75,
241.3,
0.0,
1.0
]
}
}
]
},
{
"I": 87,
"DU": 1,
"E": [
{
"SI": {
"SN": "bf/bf hand head",
"IN": "",
"ST": "G",
"FF": 1,
"LP": "SF",
"TRP": {
"x": 40.800000000000007,
"y": 39.800000000000007
},
"M3D": [
0.9977264404296875,
0.0638580322265625,
0.0,
0.0,
-0.0638580322265625,
0.9977264404296875,
0.0,
0.0,
0.0,
0.0,
1.0,
0.0,
98.35,
241.75,
0.0,
1.0
]
}
}
]
},
{
"I": 88,
"DU": 1,
"E": [
{
"SI": {
"SN": "bf/bf hand head",
"IN": "",
"ST": "G",
"FF": 1,
"LP": "SF",
"TRP": {
"x": 40.8,
"y": 39.8
},
"M3D": [
0.9977264404296875,
0.0638580322265625,
0.0,
0.0,
-0.0638580322265625,
0.9977264404296875,
0.0,
0.0,
0.0,
0.0,
1.0,
0.0,
98.35,
241.75,
0.0,
1.0
]
}
}
]
},
{
"I": 89,
"DU": 1,
"E": [
{
"SI": {
"SN": "bf/bf hand head",
"IN": "",
"ST": "G",
"FF": 1,
"LP": "SF",
"TRP": {
"x": 40.8,
"y": 39.8
},
"M3D": [
0.9977264404296875,
0.0638580322265625,
0.0,
0.0,
-0.0638580322265625,
0.9977264404296875,
0.0,
0.0,
0.0,
0.0,
1.0,
0.0,
98.35,
241.75,
0.0,
1.0
]
}
}
]
},
{
"I": 90,
"DU": 1,
"E": [
{
"SI": {
"SN": "bf/bf hand head",
"IN": "",
"ST": "G",
"FF": 1,
"LP": "SF",
"TRP": {
"x": 40.85,
"y": 39.7
},
"M3D": [
0.9711761474609375,
-0.233489990234375,
0.0,
0.0,
0.233489990234375,
0.9711761474609375,
0.0,
0.0,
0.0,
0.0,
1.0,
0.0,
75.15,
277.25,
0.0,
1.0
]
}
}
]
},
{
"I": 91,
"DU": 1,
"E": [
{
"SI": {
"SN": "bf/bf hand head",
"IN": "",
"ST": "G",
"FF": 1,
"LP": "SF",
"TRP": {
"x": 40.85,
"y": 39.7
},
"M3D": [
0.9711761474609375,
-0.233489990234375,
0.0,
0.0,
0.233489990234375,
0.9711761474609375,
0.0,
0.0,
0.0,
0.0,
1.0,
0.0,
75.15,
277.25,
0.0,
1.0
]
}
}
]
},
{
"I": 92,
"DU": 1,
"E": [
{
"SI": {
"SN": "bf/bf hand head",
"IN": "",
"ST": "G",
"FF": 2,
"LP": "SF",
"TRP": {
"x": 40.85,
"y": 39.75
},
"M3D": [
0.9624481201171875,
-0.26763916015625,
0.0,
0.0,
0.26763916015625,
0.9624481201171875,
0.0,
0.0,
0.0,
0.0,
1.0,
0.0,
71.15,
286.45,
0.0,
1.0
]
}
}
]
},
{
"I": 93,
"DU": 1,
"E": [
{
"SI": {
"SN": "bf/bf hand head",
"IN": "",
"ST": "G",
"FF": 2,
"LP": "SF",
"TRP": {
"x": 40.85,
"y": 39.75
},
"M3D": [
0.9624481201171875,
-0.26763916015625,
0.0,
0.0,
0.26763916015625,
0.9624481201171875,
0.0,
0.0,
0.0,
0.0,
1.0,
0.0,
71.15,
286.45,
0.0,
1.0
]
}
}
]
},
{
"I": 94,
"DU": 1,
"E": [
{
"SI": {
"SN": "bf/bf hand head",
"IN": "",
"ST": "G",
"FF": 2,
"LP": "SF",
"TRP": {
"x": 40.85,
"y": 39.7
},
"M3D": [
0.957275390625,
-0.2852783203125,
0.0,
0.0,
0.2852783203125,
0.957275390625,
0.0,
0.0,
0.0,
0.0,
1.0,
0.0,
70.9,
288.95,
0.0,
1.0
]
}
}
]
},
{
"I": 95,
"DU": 1,
"E": [
{
"SI": {
"SN": "bf/bf hand head",
"IN": "",
"ST": "G",
"FF": 2,
"LP": "SF",
"TRP": {
"x": 40.85,
"y": 39.7
},
"M3D": [
0.957275390625,
-0.2852783203125,
0.0,
0.0,
0.2852783203125,
0.957275390625,
0.0,
0.0,
0.0,
0.0,
1.0,
0.0,
70.9,
288.95,
0.0,
1.0
]
}
}
]
},
{
"I": 96,
"DU": 1,
"E": [
{
"SI": {
"SN": "bf/bf hand head",
"IN": "",
"ST": "G",
"FF": 2,
"LP": "SF",
"TRP": {
"x": 40.85,
"y": 39.7
},
"M3D": [
0.957275390625,
-0.2852783203125,
0.0,
0.0,
0.2852783203125,
0.957275390625,
0.0,
0.0,
0.0,
0.0,
1.0,
0.0,
70.9,
288.95,
0.0,
1.0
]
}
}
]
},
{
"I": 97,
"DU": 1,
"E": [
{
"SI": {
"SN": "bf/bf hand head",
"IN": "",
"ST": "G",
"FF": 2,
"LP": "SF",
"TRP": {
"x": 40.85,
"y": 39.7
},
"M3D": [
0.95477294921875,
-0.29132080078125,
0.0,
0.0,
0.29345703125,
0.947784423828125,
0.0,
0.0,
0.0,
0.0,
1.0,
0.0,
71.7,
291.55,
0.0,
1.0
]
}
}
]
},
{
"I": 98,
"DU": 1,
"E": [
{
"SI": {
"SN": "bf/bf hand head",
"IN": "",
"ST": "G",
"FF": 2,
"LP": "SF",
"TRP": {
"x": 40.85,
"y": 39.7
},
"M3D": [
0.95477294921875,
-0.29132080078125,
0.0,
0.0,
0.29345703125,
0.947784423828125,
0.0,
0.0,
0.0,
0.0,
1.0,
0.0,
71.7,
291.55,
0.0,
1.0
]
}
}
]
},
{
"I": 99,
"DU": 1,
"E": [
{
"SI": {
"SN": "bf/bf hand head",
"IN": "",
"ST": "G",
"FF": 1,
"LP": "SF",
"TRP": {
"x": 40.900000000000009,
"y": 39.75
},
"M3D": [
0.9486083984375,
-0.30242919921875,
0.0,
0.0,
0.31243896484375,
0.9415130615234375,
0.0,
0.0,
0.0,
0.0,
1.0,
0.0,
66.4,
291.5,
0.0,
1.0
]
}
}
]
},
{
"I": 100,
"DU": 1,
"E": [
{
"SI": {
"SN": "bf/bf hand head",
"IN": "",
"ST": "G",
"FF": 1,
"LP": "SF",
"TRP": {
"x": 40.9,
"y": 39.75
},
"M3D": [
0.9486083984375,
-0.30242919921875,
0.0,
0.0,
0.31243896484375,
0.9415130615234375,
0.0,
0.0,
0.0,
0.0,
1.0,
0.0,
66.4,
291.5,
0.0,
1.0
]
}
}
]
},
{
"I": 101,
"DU": 28,
"E": []
}
]
},
{
"LN": "Layer_5",
"FR": [
{
"I": 0,
"DU": 33,
"E": []
},
{
"I": 33,
"DU": 1,
"E": [
{
"SI": {
"SN": "bf/bf faces",
"IN": "",
"ST": "G",
"FF": 3,
"LP": "SF",
"TRP": {
"x": 59.300000000000007,
"y": 56.95
},
"M3D": [
0.941131591796875,
0.334747314453125,
0.0,
0.0,
-0.334747314453125,
0.941131591796875,
0.0,
0.0,
0.0,
0.0,
1.0,
0.0,
223.25,
306.65,
0.0,
1.0
]
}
}
]
},
{
"I": 34,
"DU": 1,
"E": [
{
"SI": {
"SN": "bf/bf faces",
"IN": "",
"ST": "G",
"FF": 3,
"LP": "SF",
"TRP": {
"x": 59.3,
"y": 56.95
},
"M3D": [
0.941131591796875,
0.334747314453125,
0.0,
0.0,
-0.334747314453125,
0.941131591796875,
0.0,
0.0,
0.0,
0.0,
1.0,
0.0,
223.25,
306.65,
0.0,
1.0
]
}
}
]
},
{
"I": 35,
"DU": 1,
"E": [
{
"SI": {
"SN": "bf/bf faces",
"IN": "",
"ST": "G",
"FF": 2,
"LP": "SF",
"TRP": {
"x": 59.300000000000007,
"y": 56.95
},
"M3D": [
0.99896240234375,
0.035186767578125,
0.0,
0.0,
-0.035186767578125,
0.99896240234375,
0.0,
0.0,
0.0,
0.0,
1.0,
0.0,
143.1,
349.3,
0.0,
1.0
]
}
}
]
},
{
"I": 36,
"DU": 1,
"E": [
{
"SI": {
"SN": "bf/bf faces",
"IN": "",
"ST": "G",
"FF": 2,
"LP": "SF",
"TRP": {
"x": 59.3,
"y": 56.95
},
"M3D": [
0.99896240234375,
0.035186767578125,
0.0,
0.0,
-0.035186767578125,
0.99896240234375,
0.0,
0.0,
0.0,
0.0,
1.0,
0.0,
143.1,
349.3,
0.0,
1.0
]
}
}
]
},
{
"I": 37,
"DU": 1,
"E": [
{
"SI": {
"SN": "bf/bf faces",
"IN": "",
"ST": "G",
"FF": 2,
"LP": "SF",
"TRP": {
"x": 59.3,
"y": 56.95
},
"M3D": [
0.99896240234375,
0.035186767578125,
0.0,
0.0,
-0.035186767578125,
0.99896240234375,
0.0,
0.0,
0.0,
0.0,
1.0,
0.0,
143.1,
349.3,
0.0,
1.0
]
}
}
]
},
{
"I": 38,
"DU": 1,
"E": [
{
"SI": {
"SN": "bf/bf faces",
"IN": "",
"ST": "G",
"FF": 2,
"LP": "SF",
"TRP": {
"x": 59.300000000000007,
"y": 56.95
},
"M3D": [
0.9988861083984375,
-0.040069580078125,
0.0,
0.0,
0.040069580078125,
0.9988861083984375,
0.0,
0.0,
0.0,
0.0,
1.0,
0.0,
122.8,
366.2,
0.0,
1.0
]
}
}
]
},
{
"I": 39,
"DU": 1,
"E": [
{
"SI": {
"SN": "bf/bf faces",
"IN": "",
"ST": "G",
"FF": 2,
"LP": "SF",
"TRP": {
"x": 59.3,
"y": 56.95
},
"M3D": [
0.9988861083984375,
-0.040069580078125,
0.0,
0.0,
0.040069580078125,
0.9988861083984375,
0.0,
0.0,
0.0,
0.0,
1.0,
0.0,
122.8,
366.2,
0.0,
1.0
]
}
}
]
},
{
"I": 40,
"DU": 1,
"E": [
{
"SI": {
"SN": "bf/bf faces",
"IN": "",
"ST": "G",
"FF": 2,
"LP": "SF",
"TRP": {
"x": 59.3,
"y": 56.95
},
"M3D": [
0.9988861083984375,
-0.040069580078125,
0.0,
0.0,
0.040069580078125,
0.9988861083984375,
0.0,
0.0,
0.0,
0.0,
1.0,
0.0,
122.8,
366.2,
0.0,
1.0
]
}
}
]
},
{
"I": 41,
"DU": 1,
"E": [
{
"SI": {
"SN": "bf/bf faces",
"IN": "",
"ST": "G",
"FF": 2,
"LP": "SF",
"TRP": {
"x": 59.3,
"y": 56.95
},
"M3D": [
0.9988861083984375,
-0.040069580078125,
0.0,
0.0,
0.040069580078125,
0.9988861083984375,
0.0,
0.0,
0.0,
0.0,
1.0,
0.0,
122.8,
366.2,
0.0,
1.0
]
}
}
]
},
{
"I": 42,
"DU": 1,
"E": [
{
"SI": {
"SN": "bf/bf faces",
"IN": "",
"ST": "G",
"FF": 2,
"LP": "SF",
"TRP": {
"x": 59.35,
"y": 56.900000000000009
},
"M3D": [
0.9971923828125,
-0.07122802734375,
0.0,
0.0,
0.07122802734375,
0.9971923828125,
0.0,
0.0,
0.0,
0.0,
1.0,
0.0,
127.5,
373.2,
0.0,
1.0
]
}
}
]
},
{
"I": 43,
"DU": 1,
"E": [
{
"SI": {
"SN": "bf/bf faces",
"IN": "",
"ST": "G",
"FF": 2,
"LP": "SF",
"TRP": {
"x": 59.35,
"y": 56.9
},
"M3D": [
0.9971923828125,
-0.07122802734375,
0.0,
0.0,
0.07122802734375,
0.9971923828125,
0.0,
0.0,
0.0,
0.0,
1.0,
0.0,
127.5,
373.2,
0.0,
1.0
]
}
}
]
},
{
"I": 44,
"DU": 1,
"E": [
{
"SI": {
"SN": "bf/bf faces",
"IN": "",
"ST": "G",
"FF": 2,
"LP": "SF",
"TRP": {
"x": 59.35,
"y": 56.9
},
"M3D": [
0.9971923828125,
-0.07122802734375,
0.0,
0.0,
0.07122802734375,
0.9971923828125,
0.0,
0.0,
0.0,
0.0,
1.0,
0.0,
127.5,
373.2,
0.0,
1.0
]
}
}
]
},
{
"I": 45,
"DU": 1,
"E": [
{
"SI": {
"SN": "bf/bf faces",
"IN": "",
"ST": "G",
"FF": 2,
"LP": "SF",
"TRP": {
"x": 59.35,
"y": 56.9
},
"M3D": [
0.9971923828125,
-0.07122802734375,
0.0,
0.0,
0.07122802734375,
0.9971923828125,
0.0,
0.0,
0.0,
0.0,
1.0,
0.0,
127.5,
373.2,
0.0,
1.0
]
}
}
]
},
{
"I": 46,
"DU": 1,
"E": [
{
"SI": {
"SN": "bf/bf faces",
"IN": "",
"ST": "G",
"FF": 2,
"LP": "SF",
"TRP": {
"x": 59.400000000000009,
"y": 56.900000000000009
},
"M3D": [
0.99609375,
-0.0800628662109375,
0.0,
0.0,
0.0800628662109375,
0.99609375,
0.0,
0.0,
0.0,
0.0,
1.0,
0.0,
127.75,
371.5,
0.0,
1.0
]
}
}
]
},
{
"I": 47,
"DU": 1,
"E": [
{
"SI": {
"SN": "bf/bf faces",
"IN": "",
"ST": "G",
"FF": 2,
"LP": "SF",
"TRP": {
"x": 59.4,
"y": 56.9
},
"M3D": [
0.99609375,
-0.0800628662109375,
0.0,
0.0,
0.0800628662109375,
0.99609375,
0.0,
0.0,
0.0,
0.0,
1.0,
0.0,
127.75,
371.5,
0.0,
1.0
]
}
}
]
},
{
"I": 48,
"DU": 1,
"E": [
{
"SI": {
"SN": "bf/bf faces",
"IN": "",
"ST": "G",
"FF": 2,
"LP": "SF",
"TRP": {
"x": 59.4,
"y": 56.9
},
"M3D": [
0.99609375,
-0.0800628662109375,
0.0,
0.0,
0.0800628662109375,
0.99609375,
0.0,
0.0,
0.0,
0.0,
1.0,
0.0,
127.75,
371.5,
0.0,
1.0
]
}
}
]
},
{
"I": 49,
"DU": 1,
"E": [
{
"SI": {
"SN": "bf/bf faces",
"IN": "",
"ST": "G",
"FF": 2,
"LP": "SF",
"TRP": {
"x": 59.4,
"y": 56.9
},
"M3D": [
0.99609375,
-0.0800628662109375,
0.0,
0.0,
0.0800628662109375,
0.99609375,
0.0,
0.0,
0.0,
0.0,
1.0,
0.0,
127.75,
371.5,
0.0,
1.0
]
}
}
]
},
{
"I": 50,
"DU": 1,
"E": [
{
"SI": {
"SN": "bf/bf faces",
"IN": "",
"ST": "G",
"FF": 1,
"LP": "SF",
"TRP": {
"x": 59.400000000000009,
"y": 56.85
},
"M3D": [
0.999755859375,
0.0077362060546875,
0.0,
0.0,
-0.0077362060546875,
0.999755859375,
0.0,
0.0,
0.0,
0.0,
1.0,
0.0,
132.25,
355.35,
0.0,
1.0
]
}
}
]
},
{
"I": 51,
"DU": 1,
"E": [
{
"SI": {
"SN": "bf/bf faces",
"IN": "",
"ST": "G",
"FF": 1,
"LP": "SF",
"TRP": {
"x": 59.4,
"y": 56.85
},
"M3D": [
0.999755859375,
0.0077362060546875,
0.0,
0.0,
-0.0077362060546875,
0.999755859375,
0.0,
0.0,
0.0,
0.0,
1.0,
0.0,
132.25,
355.35,
0.0,
1.0
]
}
}
]
},
{
"I": 52,
"DU": 1,
"E": [
{
"SI": {
"SN": "bf/bf faces",
"IN": "",
"ST": "G",
"FF": 1,
"LP": "SF",
"TRP": {
"x": 59.4,
"y": 56.85
},
"M3D": [
0.999755859375,
0.0077362060546875,
0.0,
0.0,
-0.0077362060546875,
0.999755859375,
0.0,
0.0,
0.0,
0.0,
1.0,
0.0,
132.25,
355.35,
0.0,
1.0
]
}
}
]
},
{
"I": 53,
"DU": 1,
"E": [
{
"SI": {
"SN": "bf/bf faces",
"IN": "",
"ST": "G",
"FF": 11,
"LP": "SF",
"TRP": {
"x": 59.35,
"y": 56.900000000000009
},
"M3D": [
0.982666015625,
0.027191162109375,
0.0,
0.0,
-0.02764892578125,
0.9994964599609375,
0.0,
0.0,
0.0,
0.0,
1.0,
0.0,
132.65,
349.3,
0.0,
1.0
]
}
}
]
},
{
"I": 54,
"DU": 1,
"E": [
{
"SI": {
"SN": "bf/bf faces",
"IN": "",
"ST": "G",
"FF": 11,
"LP": "SF",
"TRP": {
"x": 59.35,
"y": 56.9
},
"M3D": [
0.982666015625,
0.027191162109375,
0.0,
0.0,
-0.02764892578125,
0.9994964599609375,
0.0,
0.0,
0.0,
0.0,
1.0,
0.0,
132.65,
349.3,
0.0,
1.0
]
}
}
]
},
{
"I": 55,
"DU": 1,
"E": [
{
"SI": {
"SN": "bf/bf faces",
"IN": "",
"ST": "G",
"FF": 10,
"LP": "SF",
"TRP": {
"x": 59.300000000000007,
"y": 56.95
},
"M3D": [
0.999481201171875,
0.0264434814453125,
0.0,
0.0,
-0.0264434814453125,
0.999481201171875,
0.0,
0.0,
0.0,
0.0,
1.0,
0.0,
136.8,
346.9,
0.0,
1.0
]
}
}
]
},
{
"I": 56,
"DU": 1,
"E": [
{
"SI": {
"SN": "bf/bf faces",
"IN": "",
"ST": "G",
"FF": 10,
"LP": "SF",
"TRP": {
"x": 59.3,
"y": 56.95
},
"M3D": [
0.999481201171875,
0.0264434814453125,
0.0,
0.0,
-0.0264434814453125,
0.999481201171875,
0.0,
0.0,
0.0,
0.0,
1.0,
0.0,
136.8,
346.9,
0.0,
1.0
]
}
}
]
},
{
"I": 57,
"DU": 1,
"E": [
{
"SI": {
"SN": "bf/bf faces",
"IN": "",
"ST": "G",
"FF": 10,
"LP": "SF",
"TRP": {
"x": 59.3,
"y": 56.95
},
"M3D": [
0.999481201171875,
0.0264434814453125,
0.0,
0.0,
-0.0264434814453125,
0.999481201171875,
0.0,
0.0,
0.0,
0.0,
1.0,
0.0,
136.8,
346.9,
0.0,
1.0
]
}
}
]
},
{
"I": 58,
"DU": 1,
"E": [
{
"SI": {
"SN": "bf/bf faces",
"IN": "",
"ST": "G",
"FF": 9,
"LP": "SF",
"TRP": {
"x": 59.300000000000007,
"y": 57.050000000000007
},
"M3D": [
0.9993743896484375,
0.0320587158203125,
0.0,
0.0,
-0.0320587158203125,
0.9993743896484375,
0.0,
0.0,
0.0,
0.0,
1.0,
0.0,
134.05,
345.7,
0.0,
1.0
]
}
}
]
},
{
"I": 59,
"DU": 1,
"E": [
{
"SI": {
"SN": "bf/bf faces",
"IN": "",
"ST": "G",
"FF": 9,
"LP": "SF",
"TRP": {
"x": 59.3,
"y": 57.05
},
"M3D": [
0.9993743896484375,
0.0320587158203125,
0.0,
0.0,
-0.0320587158203125,
0.9993743896484375,
0.0,
0.0,
0.0,
0.0,
1.0,
0.0,
134.05,
345.7,
0.0,
1.0
]
}
}
]
},
{
"I": 60,
"DU": 1,
"E": [
{
"SI": {
"SN": "bf/bf faces",
"IN": "",
"ST": "G",
"FF": 9,
"LP": "SF",
"TRP": {
"x": 59.3,
"y": 57.05
},
"M3D": [
0.9993743896484375,
0.0320587158203125,
0.0,
0.0,
-0.0320587158203125,
0.9993743896484375,
0.0,
0.0,
0.0,
0.0,
1.0,
0.0,
134.05,
345.7,
0.0,
1.0
]
}
}
]
},
{
"I": 61,
"DU": 1,
"E": [
{
"SI": {
"SN": "bf/bf faces",
"IN": "",
"ST": "G",
"FF": 9,
"LP": "SF",
"TRP": {
"x": 59.35,
"y": 57.050000000000007
},
"M3D": [
0.998809814453125,
0.0452880859375,
0.0,
0.0,
-0.0452880859375,
0.998809814453125,
0.0,
0.0,
0.0,
0.0,
1.0,
0.0,
135.7,
344.5,
0.0,
1.0
]
}
}
]
},
{
"I": 62,
"DU": 1,
"E": [
{
"SI": {
"SN": "bf/bf faces",
"IN": "",
"ST": "G",
"FF": 9,
"LP": "SF",
"TRP": {
"x": 59.35,
"y": 57.05
},
"M3D": [
0.998809814453125,
0.0452880859375,
0.0,
0.0,
-0.0452880859375,
0.998809814453125,
0.0,
0.0,
0.0,
0.0,
1.0,
0.0,
135.7,
344.5,
0.0,
1.0
]
}
}
]
},
{
"I": 63,
"DU": 1,
"E": [
{
"SI": {
"SN": "bf/bf faces",
"IN": "",
"ST": "G",
"FF": 9,
"LP": "SF",
"TRP": {
"x": 59.35,
"y": 57.05
},
"M3D": [
0.998809814453125,
0.0452880859375,
0.0,
0.0,
-0.0452880859375,
0.998809814453125,
0.0,
0.0,
0.0,
0.0,
1.0,
0.0,
135.7,
344.5,
0.0,
1.0
]
}
}
]
},
{
"I": 64,
"DU": 1,
"E": [
{
"SI": {
"SN": "bf/bf faces",
"IN": "",
"ST": "G",
"FF": 9,
"LP": "SF",
"TRP": {
"x": 59.35,
"y": 57.050000000000007
},
"M3D": [
0.99853515625,
0.05047607421875,
0.0,
0.0,
-0.05047607421875,
0.99853515625,
0.0,
0.0,
0.0,
0.0,
1.0,
0.0,
137.75,
344.0,
0.0,
1.0
]
}
}
]
},
{
"I": 65,
"DU": 1,
"E": [
{
"SI": {
"SN": "bf/bf faces",
"IN": "",
"ST": "G",
"FF": 9,
"LP": "SF",
"TRP": {
"x": 59.35,
"y": 57.05
},
"M3D": [
0.99853515625,
0.05047607421875,
0.0,
0.0,
-0.05047607421875,
0.99853515625,
0.0,
0.0,
0.0,
0.0,
1.0,
0.0,
137.75,
344.0,
0.0,
1.0
]
}
}
]
},
{
"I": 66,
"DU": 1,
"E": [
{
"SI": {
"SN": "bf/bf faces",
"IN": "",
"ST": "G",
"FF": 9,
"LP": "SF",
"TRP": {
"x": 59.35,
"y": 57.05
},
"M3D": [
0.99853515625,
0.05047607421875,
0.0,
0.0,
-0.05047607421875,
0.99853515625,
0.0,
0.0,
0.0,
0.0,
1.0,
0.0,
137.75,
344.0,
0.0,
1.0
]
}
}
]
},
{
"I": 67,
"DU": 1,
"E": [
{
"SI": {
"SN": "bf/bf faces",
"IN": "",
"ST": "G",
"FF": 9,
"LP": "SF",
"TRP": {
"x": 59.35,
"y": 57.050000000000007
},
"M3D": [
0.998809814453125,
0.0452880859375,
0.0,
0.0,
-0.0452880859375,
0.998809814453125,
0.0,
0.0,
0.0,
0.0,
1.0,
0.0,
136.2,
344.5,
0.0,
1.0
]
}
}
]
},
{
"I": 68,
"DU": 1,
"E": [
{
"SI": {
"SN": "bf/bf faces",
"IN": "",
"ST": "G",
"FF": 9,
"LP": "SF",
"TRP": {
"x": 59.35,
"y": 57.05
},
"M3D": [
0.998809814453125,
0.0452880859375,
0.0,
0.0,
-0.0452880859375,
0.998809814453125,
0.0,
0.0,
0.0,
0.0,
1.0,
0.0,
136.2,
344.5,
0.0,
1.0
]
}
}
]
},
{
"I": 69,
"DU": 1,
"E": [
{
"SI": {
"SN": "bf/bf faces",
"IN": "",
"ST": "G",
"FF": 9,
"LP": "SF",
"TRP": {
"x": 59.35,
"y": 57.05
},
"M3D": [
0.998809814453125,
0.0452880859375,
0.0,
0.0,
-0.0452880859375,
0.998809814453125,
0.0,
0.0,
0.0,
0.0,
1.0,
0.0,
136.2,
344.5,
0.0,
1.0
]
}
}
]
},
{
"I": 70,
"DU": 1,
"E": [
{
"SI": {
"SN": "bf/bf faces",
"IN": "",
"ST": "G",
"FF": 0,
"LP": "SF",
"TRP": {
"x": 59.400000000000009,
"y": 57.1
},
"M3D": [
0.9994964599609375,
0.022735595703125,
0.0,
0.0,
-0.022735595703125,
0.9994964599609375,
0.0,
0.0,
0.0,
0.0,
1.0,
0.0,
135.45,
348.6,
0.0,
1.0
]
}
}
]
},
{
"I": 71,
"DU": 1,
"E": [
{
"SI": {
"SN": "bf/bf faces",
"IN": "",
"ST": "G",
"FF": 0,
"LP": "SF",
"TRP": {
"x": 59.4,
"y": 57.1
},
"M3D": [
0.9994964599609375,
0.022735595703125,
0.0,
0.0,
-0.022735595703125,
0.9994964599609375,
0.0,
0.0,
0.0,
0.0,
1.0,
0.0,
135.45,
348.6,
0.0,
1.0
]
}
}
]
},
{
"I": 72,
"DU": 1,
"E": [
{
"SI": {
"SN": "bf/bf faces",
"IN": "",
"ST": "G",
"FF": 0,
"LP": "SF",
"TRP": {
"x": 59.400000000000009,
"y": 57.1
},
"M3D": [
0.9996185302734375,
0.0137176513671875,
0.0,
0.0,
-0.0137176513671875,
0.9996185302734375,
0.0,
0.0,
0.0,
0.0,
1.0,
0.0,
134.8,
349.95,
0.0,
1.0
]
}
}
]
},
{
"I": 73,
"DU": 1,
"E": [
{
"SI": {
"SN": "bf/bf faces",
"IN": "",
"ST": "G",
"FF": 0,
"LP": "SF",
"TRP": {
"x": 59.4,
"y": 57.1
},
"M3D": [
0.9996185302734375,
0.0137176513671875,
0.0,
0.0,
-0.0137176513671875,
0.9996185302734375,
0.0,
0.0,
0.0,
0.0,
1.0,
0.0,
134.8,
349.95,
0.0,
1.0
]
}
}
]
},
{
"I": 74,
"DU": 1,
"E": [
{
"SI": {
"SN": "bf/bf faces",
"IN": "",
"ST": "G",
"FF": 0,
"LP": "SF",
"TRP": {
"x": 59.400000000000009,
"y": 57.1
},
"M3D": [
0.9996185302734375,
0.0137176513671875,
0.0,
0.0,
-0.0137176513671875,
0.9996185302734375,
0.0,
0.0,
0.0,
0.0,
1.0,
0.0,
134.8,
350.45,
0.0,
1.0
]
}
}
]
},
{
"I": 75,
"DU": 1,
"E": [
{
"SI": {
"SN": "bf/bf faces",
"IN": "",
"ST": "G",
"FF": 0,
"LP": "SF",
"TRP": {
"x": 59.4,
"y": 57.1
},
"M3D": [
0.9996185302734375,
0.0137176513671875,
0.0,
0.0,
-0.0137176513671875,
0.9996185302734375,
0.0,
0.0,
0.0,
0.0,
1.0,
0.0,
134.8,
350.45,
0.0,
1.0
]
}
}
]
},
{
"I": 76,
"DU": 1,
"E": [
{
"SI": {
"SN": "bf/bf faces",
"IN": "",
"ST": "G",
"FF": 0,
"LP": "SF",
"TRP": {
"x": 59.4,
"y": 57.1
},
"M3D": [
0.9996185302734375,
0.0137176513671875,
0.0,
0.0,
-0.0137176513671875,
0.9996185302734375,
0.0,
0.0,
0.0,
0.0,
1.0,
0.0,
134.8,
350.45,
0.0,
1.0
]
}
}
]
},
{
"I": 77,
"DU": 1,
"E": [
{
"SI": {
"SN": "bf/bf faces",
"IN": "",
"ST": "G",
"FF": 0,
"LP": "SF",
"TRP": {
"x": 59.400000000000009,
"y": 57.15
},
"M3D": [
0.999664306640625,
0.00830078125,
0.0,
0.0,
-0.00830078125,
0.999664306640625,
0.0,
0.0,
0.0,
0.0,
1.0,
0.0,
135.25,
349.95,
0.0,
1.0
]
}
}
]
},
{
"I": 78,
"DU": 1,
"E": [
{
"SI": {
"SN": "bf/bf faces",
"IN": "",
"ST": "G",
"FF": 0,
"LP": "SF",
"TRP": {
"x": 59.4,
"y": 57.15
},
"M3D": [
0.999664306640625,
0.00830078125,
0.0,
0.0,
-0.00830078125,
0.999664306640625,
0.0,
0.0,
0.0,
0.0,
1.0,
0.0,
135.25,
349.95,
0.0,
1.0
]
}
}
]
},
{
"I": 79,
"DU": 1,
"E": [
{
"SI": {
"SN": "bf/bf faces",
"IN": "",
"ST": "G",
"FF": 0,
"LP": "SF",
"TRP": {
"x": 59.4,
"y": 57.15
},
"M3D": [
0.999664306640625,
0.00830078125,
0.0,
0.0,
-0.00830078125,
0.999664306640625,
0.0,
0.0,
0.0,
0.0,
1.0,
0.0,
135.25,
349.95,
0.0,
1.0
]
}
}
]
},
{
"I": 80,
"DU": 1,
"E": [
{
"SI": {
"SN": "bf/bf faces",
"IN": "",
"ST": "G",
"FF": 7,
"LP": "SF",
"TRP": {
"x": 59.35,
"y": 57.1
},
"M3D": [
0.9990081787109375,
0.0346527099609375,
0.0,
0.0,
-0.0346527099609375,
0.9990081787109375,
0.0,
0.0,
0.0,
0.0,
1.0,
0.0,
136.1,
346.0,
0.0,
1.0
]
}
}
]
},
{
"I": 81,
"DU": 1,
"E": [
{
"SI": {
"SN": "bf/bf faces",
"IN": "",
"ST": "G",
"FF": 7,
"LP": "SF",
"TRP": {
"x": 59.35,
"y": 57.1
},
"M3D": [
0.9990081787109375,
0.0346527099609375,
0.0,
0.0,
-0.0346527099609375,
0.9990081787109375,
0.0,
0.0,
0.0,
0.0,
1.0,
0.0,
136.1,
346.0,
0.0,
1.0
]
}
}
]
},
{
"I": 82,
"DU": 1,
"E": [
{
"SI": {
"SN": "bf/bf faces",
"IN": "",
"ST": "G",
"FF": 7,
"LP": "SF",
"TRP": {
"x": 59.35,
"y": 57.1
},
"M3D": [
0.99859619140625,
0.0439605712890625,
0.0,
0.0,
-0.0439605712890625,
0.99859619140625,
0.0,
0.0,
0.0,
0.0,
1.0,
0.0,
136.7,
344.65,
0.0,
1.0
]
}
}
]
},
{
"I": 83,
"DU": 1,
"E": [
{
"SI": {
"SN": "bf/bf faces",
"IN": "",
"ST": "G",
"FF": 7,
"LP": "SF",
"TRP": {
"x": 59.35,
"y": 57.1
},
"M3D": [
0.99859619140625,
0.0439605712890625,
0.0,
0.0,
-0.0439605712890625,
0.99859619140625,
0.0,
0.0,
0.0,
0.0,
1.0,
0.0,
136.7,
344.65,
0.0,
1.0
]
}
}
]
},
{
"I": 84,
"DU": 1,
"E": [
{
"SI": {
"SN": "bf/bf faces",
"IN": "",
"ST": "G",
"FF": 8,
"LP": "SF",
"TRP": {
"x": 59.35,
"y": 57.1
},
"M3D": [
0.99835205078125,
0.048736572265625,
0.0,
0.0,
-0.048736572265625,
0.99835205078125,
0.0,
0.0,
0.0,
0.0,
1.0,
0.0,
137.3,
343.7,
0.0,
1.0
]
}
}
]
},
{
"I": 85,
"DU": 1,
"E": [
{
"SI": {
"SN": "bf/bf faces",
"IN": "",
"ST": "G",
"FF": 8,
"LP": "SF",
"TRP": {
"x": 59.35,
"y": 57.1
},
"M3D": [
0.99835205078125,
0.048736572265625,
0.0,
0.0,
-0.048736572265625,
0.99835205078125,
0.0,
0.0,
0.0,
0.0,
1.0,
0.0,
137.3,
343.7,
0.0,
1.0
]
}
}
]
},
{
"I": 86,
"DU": 1,
"E": [
{
"SI": {
"SN": "bf/bf faces",
"IN": "",
"ST": "G",
"FF": 8,
"LP": "SF",
"TRP": {
"x": 59.35,
"y": 57.1
},
"M3D": [
0.99835205078125,
0.048736572265625,
0.0,
0.0,
-0.048736572265625,
0.99835205078125,
0.0,
0.0,
0.0,
0.0,
1.0,
0.0,
137.3,
343.7,
0.0,
1.0
]
}
}
]
},
{
"I": 87,
"DU": 1,
"E": [
{
"SI": {
"SN": "bf/bf faces",
"IN": "",
"ST": "G",
"FF": 8,
"LP": "SF",
"TRP": {
"x": 59.35,
"y": 57.1
},
"M3D": [
0.99859619140625,
0.0439605712890625,
0.0,
0.0,
-0.0439605712890625,
0.99859619140625,
0.0,
0.0,
0.0,
0.0,
1.0,
0.0,
136.7,
344.65,
0.0,
1.0
]
}
}
]
},
{
"I": 88,
"DU": 1,
"E": [
{
"SI": {
"SN": "bf/bf faces",
"IN": "",
"ST": "G",
"FF": 8,
"LP": "SF",
"TRP": {
"x": 59.35,
"y": 57.1
},
"M3D": [
0.99859619140625,
0.0439605712890625,
0.0,
0.0,
-0.0439605712890625,
0.99859619140625,
0.0,
0.0,
0.0,
0.0,
1.0,
0.0,
136.7,
344.65,
0.0,
1.0
]
}
}
]
},
{
"I": 89,
"DU": 1,
"E": [
{
"SI": {
"SN": "bf/bf faces",
"IN": "",
"ST": "G",
"FF": 8,
"LP": "SF",
"TRP": {
"x": 59.35,
"y": 57.1
},
"M3D": [
0.99859619140625,
0.0439605712890625,
0.0,
0.0,
-0.0439605712890625,
0.99859619140625,
0.0,
0.0,
0.0,
0.0,
1.0,
0.0,
136.7,
344.65,
0.0,
1.0
]
}
}
]
},
{
"I": 90,
"DU": 1,
"E": [
{
"SI": {
"SN": "bf/bf faces",
"IN": "",
"ST": "G",
"FF": 8,
"LP": "SF",
"TRP": {
"x": 59.400000000000009,
"y": 57.15
},
"M3D": [
0.999664306640625,
0.00830078125,
0.0,
0.0,
-0.00830078125,
0.999664306640625,
0.0,
0.0,
0.0,
0.0,
1.0,
0.0,
135.25,
349.95,
0.0,
1.0
]
}
}
]
},
{
"I": 91,
"DU": 1,
"E": [
{
"SI": {
"SN": "bf/bf faces",
"IN": "",
"ST": "G",
"FF": 8,
"LP": "SF",
"TRP": {
"x": 59.4,
"y": 57.15
},
"M3D": [
0.999664306640625,
0.00830078125,
0.0,
0.0,
-0.00830078125,
0.999664306640625,
0.0,
0.0,
0.0,
0.0,
1.0,
0.0,
135.25,
349.95,
0.0,
1.0
]
}
}
]
},
{
"I": 92,
"DU": 1,
"E": [
{
"SI": {
"SN": "bf/bf faces",
"IN": "",
"ST": "G",
"FF": 8,
"LP": "SF",
"TRP": {
"x": 59.400000000000009,
"y": 57.15
},
"M3D": [
0.999664306640625,
-0.0010528564453125,
0.0,
0.0,
0.0010528564453125,
0.999664306640625,
0.0,
0.0,
0.0,
0.0,
1.0,
0.0,
134.65,
351.3,
0.0,
1.0
]
}
}
]
},
{
"I": 93,
"DU": 1,
"E": [
{
"SI": {
"SN": "bf/bf faces",
"IN": "",
"ST": "G",
"FF": 8,
"LP": "SF",
